0 0.7475961538461539 0.42908653846153844 0.07211538461538461 0.12740384615384615
0 0.6598557692307693 0.4098557692307692 0.06971153846153846 0.15144230769230768
0 0.609375 0.42908653846153844 0.06971153846153846 0.15144230769230768
0 0.5396634615384616 0.42427884615384615 0.09375 0.14182692307692307
0 0.6045673076923077 0.39663461538461536 0.07451923076923077 0.18269230769230768
0 0.4735576923076923 0.4050480769230769 0.12980769230769232 0.18509615384615385
0 0.43028846153846156 0.42908653846153844 0.11057692307692307 0.14182692307692307
0 0.3713942307692308 0.3786057692307692 0.10817307692307693 0.21875
0 0.25 0.4098557692307692 0.125 0.18509615384615385
0 0.3233173076923077 0.4098557692307692 0.10336538461538461 0.16346153846153846
0 0.3701923076923077 0.4098557692307692 0.09615384615384616 0.16105769230769232