0 0.25240384615384615 0.5709134615384616 0.06971153846153846 0.12860576923076922
0 0.3401442307692308 0.5901442307692307 0.07091346153846154 0.15264423076923078
0 0.390625 0.5709134615384616 0.06850961538461539 0.15144230769230768
0 0.46033653846153844 0.5757211538461539 0.09495192307692307 0.14182692307692307
0 0.3954326923076923 0.6033653846153846 0.0733173076923077 0.18389423076923078
0 0.5264423076923077 0.5949519230769231 0.1310096153846154 0.18629807692307693
0 0.5697115384615384 0.5709134615384616 0.10817307692307693 0.14182692307692307
0 0.6286057692307693 0.6213942307692307 0.10697115384615384 0.21875
0 0.75 0.5901442307692307 0.12259615384615384 0.18629807692307693
0 0.6766826923076923 0.5901442307692307 0.10336538461538461 0.16346153846153846
0 0.6298076923076923 0.5901442307692307 0.09615384615384616 0.15985576923076922