0 0.25240384615384615 0.5709134615384616 0.07211538461538461 0.12740384615384615
0 0.3401442307692308 0.5901442307692307 0.06971153846153846 0.15144230769230768
0 0.390625 0.5709134615384616 0.06971153846153846 0.15144230769230768
0 0.46033653846153844 0.5757211538461539 0.09375 0.14182692307692307
0 0.3954326923076923 0.6033653846153846 0.07451923076923077 0.18269230769230768
0 0.5264423076923077 0.5949519230769231 0.12980769230769232 0.18509615384615385
0 0.5697115384615384 0.5709134615384616 0.11057692307692307 0.14182692307692307
0 0.6286057692307693 0.6213942307692307 0.10817307692307693 0.21875
0 0.75 0.5901442307692307 0.125 0.18509615384615385
0 0.6766826923076923 0.5901442307692307 0.10336538461538461 0.16346153846153846
0 0.6298076923076923 0.5901442307692307 0.09615384615384616 0.16105769230769232